4.747347743577989831e-03
9.982035230508207180e-01
9.684229064373158780e-01
9.878305182037917520e-01
9.869977709077647487e-01
4.541472246202282737e-02
2.324273883778671390e-02
9.291132286786946137e-01
2.050305839935528951e-02
2.503086624345018940e-02
5.494106612145516211e-02
1.006461597767060123e+00
1.852998947798878415e-02
2.184936184878066845e-02
9.773528127640066510e-01
9.916802182940637200e-01
5.637441611245130879e-03
-5.251417527072366198e-03
2.021272325028589112e-02
-2.154599215871838558e-02
1.020317314327229052e+00
-9.844011522669449121e-04
9.910207550728904469e-01
2.033857816256356976e-02
1.883822043222049825e-02
-1.325397835020081239e-02
2.417902116989167904e-03
9.502713542248544254e-01
9.805373884827787156e-01
1.297914860228965850e-02
9.741876660385645481e-01
2.413524852372650464e-02
9.723243568153672189e-01
9.770115908827869955e-01
9.726240397889246436e-01
1.030193398778638247e+00
3.877098753246821516e-03
1.164141026521459121e-02
9.826922470358964157e-01
9.976518034600286855e-01
9.950780745478888800e-01
9.697282669139590805e-01
4.997565747714238782e-02
9.845073688079514218e-01
1.584102603225623351e-02
3.780817392863733417e-03
1.614802941766912969e-02
9.849959260635390290e-01
1.919397395424626840e-02
9.387736635457758494e-01
5.392985969220664977e-02
1.295154224851757796e-02
9.748458716158835413e-01
9.521622347932301444e-03
-1.354948502008396227e-02
-5.675159493504278174e-03
-3.970646633492558308e-03
1.824692777445602321e-02
9.988606398642317918e-01
2.414738657004522615e-02
3.818265797256742422e-02
1.682282689178016266e-02
9.992213171959249962e-01
9.865317590248200430e-01
9.909209561444423109e-01
9.659181697688813406e-01
3.828649475290724080e-02
1.013817477134162814e+00
9.926725850661685113e-01
1.000427201218575979e+00
2.867961036245303408e-02
9.830618553129769621e-01
1.000533710877587801e+00
9.511563802809515078e-01
-1.143385737752178333e-02
1.011240710074741811e+00
1.191852902659268354e-02
9.822715348651228640e-01
1.183137664662942123e-02
-8.699667874740413254e-03
2.451691921102633342e-02
1.095033498715702880e-02
1.321462645441717765e-02
9.757853329438822554e-01
1.008859268541056231e+00
9.924713199653768525e-01
-1.916621389103917439e-02
9.779676429346305655e-01
9.744640323135989046e-01
9.913934940574783417e-01
1.561668938639126925e-02
3.398578265102925045e-03
9.693918378814208037e-01
9.950901690092066598e-01
2.308159108678925486e-02
1.381541817330667055e-02
9.800139932577532909e-01
9.547847339658854793e-03
9.876801593360517995e-03
4.309242966568088695e-02
9.921933980766611816e-01
2.087583506077073103e-03
9.900455264554586243e-01
-2.236118737932946132e-03
9.876886191696977457e-01
6.889093026288928279e-03
4.435272875171814011e-03
5.423192306059820833e-02
3.922201595656293893e-02
6.816984949662818760e-03
9.785499690305502485e-01
1.004625381334189882e+00
6.932701917639649825e-02
-1.621719099688612165e-03
1.435083556249605596e-03
9.603747954022902045e-01
-1.702010419823507537e-02
9.862281987227327074e-01
1.533238158184380140e-02
1.017928383083529731e+00
9.610357095324325583e-01
9.949123852111080302e-01
2.740210102295032035e-02
9.994074253951800157e-01
-1.320309235933392333e-02
9.731437692040132426e-01
9.813618714539825705e-01
2.690156826947232016e-03
9.781809593370529576e-01
3.941906559050595282e-02
3.625570077637418898e-03
2.032299892701716626e-02
9.857953725819762480e-01
1.076653253602433136e-02
1.700792644287540956e-02
4.499533794418658639e-02
9.215277237389891685e-01
1.003383895770790346e+00
9.860761299749456477e-01
1.001894143688716987e+00
1.015075988116094230e+00
1.165951409286586360e-02
9.623603734173793445e-01
9.686944737907904335e-01
9.859389618381461107e-01
-2.104778429133147277e-03
2.712605979713722526e-02
1.013528975579619518e-02
1.021930263937881778e+00
1.744146288378045639e-02
1.642542778678113269e-02
4.588186338815314347e-02
9.943022254322559927e-01
9.966291584950145443e-01
9.768052510112982256e-01
1.009657501533709034e+00
-1.706728376654131907e-02
9.929155639976291470e-01
-1.490739181238032174e-02
2.955114835634387038e-02
9.940358835420478600e-01
2.486008841026676741e-02
9.654525806458864601e-01
9.897546854486336532e-01
9.787600989197685619e-01
3.265044914340914373e-02
-6.726554386702332522e-04
6.174851058874997189e-03
9.832364639245040339e-01
1.882140363294237950e-02
9.877751068819761171e-01
3.247115941103628778e-02
-1.210139353117767325e-02
3.648681114210816645e-02
1.812865501160582093e-02
9.876318078359827002e-01
9.946524993400750470e-01
2.969672855034477532e-02
2.047090888715230594e-02
9.888131353526008471e-01
9.906880331059028100e-01
1.002892979754326896e+00
9.605824514273078041e-01
1.677038522368934359e-02
7.307706072664510444e-03
3.114610799475703296e-02
1.006305509850078383e+00
3.012663009093830002e-02
1.003212607414479596e+00
9.484185677870266007e-01
-2.778713228383494771e-02
9.711092288075303669e-01
9.880000402309714325e-01
9.587471933966242865e-01
9.819356252221141945e-01
5.121669052462513028e-02
9.918303410822300048e-01
1.324069368026625781e-02
1.418839673180893879e-02
9.443285218828922911e-01
2.669591152014599844e-02
5.251150053708009136e-02
9.923857119517368597e-01
2.278007424626615762e-02
9.871862359163460221e-01
9.853515932533064570e-01
8.316655581480147941e-03
9.928791959725304928e-01
3.238062031767180438e-02
1.783171297805130617e-02
9.522392350909518743e-01
9.931447076040967881e-01
4.524196139649772075e-02
9.703302644310360936e-01
9.600796962188187234e-01
4.671672998210030237e-03
-1.827353286084199002e-02
9.960675561795919730e-01
2.097605891925524713e-02
9.620932107350819162e-01
9.898478210218609741e-01
9.998236747436032301e-01
9.946210934903443324e-01
2.622293344462967024e-02
9.973763903351762217e-01
1.573509097021030811e-03
9.676788414695671747e-01
-1.782965597503405331e-03
-4.753526648544892375e-04
9.978246730110057472e-01
1.287703758376845808e-02
9.983674286224255567e-01
2.937148282267576516e-02
5.255501999112133227e-02
9.807052519133875323e-01
9.970514571238164869e-01
2.030909932370800197e-02
1.017365138026014248e+00
1.214241740766275335e-02
-1.160251188554695112e-02
9.411268540396391380e-01
-7.585775573517805626e-03
1.005653468436945586e+00
9.689964240065621626e-01
9.900396897753901415e-01
9.544725045930910756e-01
2.903340261258380295e-03
9.681775242553156691e-01
-2.040911400693512512e-02
1.593810579745369438e-02
1.225039294433638570e-02
1.676194641222006343e-02
1.009719870353161575e+00
-1.071563827708121863e-03
1.185575898747553980e-02
9.652215488156172807e-01
9.726119065395603114e-01
-8.039796513649222209e-03
3.962610122688375869e-02
3.006251396915271545e-02
1.008478014162301761e+00
-1.047812999808017675e-02
1.082828612364811205e-02
1.000673072133779318e+00
1.001114729660820712e+00
-2.851796403103490363e-02
9.692136904798924757e-01
9.624836853637565026e-01
1.416896106037979219e-02
2.428177636579320620e-03
3.097386182778161245e-03
9.987479016850554503e-01
3.312875650928048810e-02
-1.907397727001325372e-02
9.823771108459666834e-01
9.566393014530886196e-01
4.016812563008009818e-03
1.692331921072826040e-02
-1.482906149972434973e-02
3.396637565985194396e-02
6.486901807191969294e-03
9.601422408809884290e-01
1.435594316127375425e-02
8.062665439334926187e-03
3.525026830120026045e-02
2.639346323125224547e-02
1.021435745818432217e+00
9.506047063318476820e-01
9.899022067430777172e-01
1.000557538771927657e+00
1.003193065931804240e+00
1.742155376969189984e-02
2.075344764298631128e-02
-1.851529236387927657e-02
2.321046357753708822e-02
1.136215839971610464e-02
9.935653895325436968e-01
1.012455642770698550e+00
4.297683410119595981e-02
1.015913563693873201e+00
9.725397692911509351e-01
2.733786691925199630e-02
3.831954805146076115e-02
9.329427324050287851e-03
1.559899776806472627e-02
3.425597951286751819e-02
7.453467746721398335e-03
9.567484141210800264e-01
9.884452827693478438e-01
9.808095865569236294e-01
1.007323884492383970e+00
-5.680026780578995016e-04
5.232420244169810886e-03
-5.785831246628680979e-03
3.135606307789495784e-02
1.636637217778696973e-02
1.006831092667651806e+00
9.949775812996722868e-01
9.907125770034395096e-01
9.657067428018955013e-01
9.979486140379992820e-01
7.310109889533178418e-03
2.805962452564814136e-03
-1.893984845163010355e-03
1.432296004850841520e-03
9.799534232278361845e-01
4.327878010833008382e-02
3.737392059620581186e-02
9.571306734481990208e-01
2.533810804803882100e-02
1.810744538050723662e-02
1.014335932920552352e+00
1.012142583359919357e+00
-2.343528506917702536e-02
9.856567814436684172e-01
9.221940305695675022e-03
9.684950478590378387e-01
-2.567261187123137667e-03
2.218917474657222666e-02
8.770213244022717625e-03
9.198870696947747394e-03
-5.384473079069918011e-03
3.746036125868312805e-02
4.156160995852703488e-02
3.242095440786452176e-02
2.487804401370397045e-02
9.864270926681145690e-01
2.024703904486113704e-02
2.949443995055622825e-02
9.918272054988249709e-01
3.507544439063925434e-03
9.848970984810446749e-01
2.275070758641389856e-02
1.366097415261752213e-02
9.819892570963333345e-01
9.507948227950712150e-01
9.692579202979206832e-01
6.288061357489976855e-02
2.645124703827134161e-02
9.940591944074758102e-01
7.165821057924348647e-03
9.853959439371923201e-01
9.936570816849294996e-01
2.563115688160433336e-02
9.965020668686779270e-01
9.706337670982787547e-01
2.782666104963815723e-02
9.658944987855209163e-01
-4.147058283345772534e-03
7.933431251147760044e-03
2.489655982219790564e-02
-1.937144496099568736e-02
9.786461930849253976e-01
1.005777489212355436e+00
1.018824205152053963e+00
3.564625743924404455e-02
9.596723051688808015e-01
9.895395987373091229e-01
9.628909178247120337e-01
9.718631600241426360e-01
2.483846222653152136e-02
8.301690596220656637e-03
9.717843583300679322e-01
1.053194984972288806e-02
-1.237324815253737498e-02
1.002278933106001357e+00
7.561326060588291487e-03
1.513454366570365917e-02
1.738556847179273390e-03
9.773861302087076819e-01
1.185406510526504364e-02
5.281922489752455263e-03
-1.245862204240066884e-02
1.000528801244508603e+00
1.002981388941520002e+00
9.905473121985181040e-01
9.683606056676957730e-01
9.727198790369252501e-01
4.986740534831218818e-02
9.585304235200083900e-01
-2.470478443921320100e-02
3.695540939657515622e-03
-3.346439996763872493e-03
2.289191479729385525e-02
4.778062435526292395e-02
1.015408858847482776e+00
1.950125160920118672e-02
6.267371134724653015e-02
5.624166112532913431e-03
1.002271679154119743e+00
9.014735043191612895e-03
9.788246914725494685e-01
-5.441495730241774353e-04
9.849493179795273390e-01
9.615747092384098194e-01
9.949886385585480220e-01
3.932020819134629530e-02
2.562954954381135853e-02
9.994290150873238465e-01
9.975314962434911337e-01
-7.628943233332352580e-03
9.794034541482363743e-01
3.524238958574343883e-05
1.003843176125492453e+00
3.610824810497603732e-02
9.717889792391191106e-01
-7.592431220844075845e-03
9.996481075906376024e-01
2.003371837466211280e-02
1.581665085282241145e-02
1.005298723382368031e+00
-1.605780841683235316e-02
1.143740974404383604e-02
5.030937481347530493e-02
-1.060157199727024269e-02
5.461612834801621297e-03
2.095085711336652778e-02
9.963457584452647398e-01
3.171033751856000560e-02
9.632035846473795404e-01
9.922100977417435130e-01
2.855833188600076511e-02
1.010597469342294108e+00
1.000278427275162141e+00
3.083783354676805644e-02
9.971001666332962587e-01
1.003061520327299672e+00
9.958017198065519660e-01
1.241200891781490956e-02
9.848420570255043138e-01
9.974334847361338019e-01
1.043400847441422474e-02
-1.153111684926344527e-02
1.001128251978487427e+00
3.388771739000651095e-03
3.819386802538532466e-02
1.384237045710756675e-02
3.324400432587593102e-02
9.675144118979180918e-01
4.016230371358409101e-02
9.878405820548651350e-01
-6.720627423315472804e-03
-3.436508909686386559e-03
9.875521188076182844e-01
1.002809130491422396e+00
9.765320779276259744e-01
9.607376480118776652e-01
9.463111899551186479e-01
9.816137937703278693e-01
3.149647002746891467e-03
9.928028800124095721e-01
9.716917512997602646e-01
2.901090438569697838e-02
-2.813437095813392519e-02
9.935866218483909718e-01
4.948282442755203014e-02
3.355820735417192058e-02
9.493535043621176284e-01
1.011484280664043611e+00
3.585230312638132411e-03
2.469421121895998272e-02
9.632047331794724165e-01
9.679624035674704308e-01
9.514494753802316129e-01
3.482289577631414446e-03
9.819400085646768916e-01
9.887761407049410201e-01
-4.889566760469588047e-03
9.545168031648809670e-01
4.589184076660313139e-03
-2.694114130460334433e-02
-2.090419312470548352e-02
9.759197223138005306e-03
9.930303560805517904e-01
4.161282201510629886e-03
4.836607475103887888e-02
6.335138819234253926e-03
9.917120180525139661e-01
1.117503096252975281e-02
9.781325084075633836e-01
1.001748504443077614e+00
9.751900012524613581e-01
2.490032215278076277e-02
2.807170689030891175e-02
9.857827033827345486e-01
1.736537276309607636e-02
9.916504171411236745e-01
1.322917783514698797e-02
-4.353340113278958423e-02
1.001853848424336002e+00
9.852475431014954266e-01
1.959086139874888222e-02
9.888361539696323144e-01
9.949391451210741755e-01
9.711513985822742834e-01
9.913491873750820416e-01
-9.555096531790430170e-03
9.993093917912766466e-01
2.297869672465424618e-03
1.247673208545263535e-02
9.918414956076760935e-01
9.650248113887115453e-01
9.740511838764430719e-01
3.026254471151801351e-02
9.615131091397948193e-01
2.460217550880328119e-04
1.007345462237635214e+00
2.550883803962095131e-02
1.002056115689488713e+00
9.941118462070582806e-01
1.020179076351057645e-02
2.554040449665989643e-02
7.188398448356614345e-03
9.558471292150431120e-01
1.991460295145797144e-02
3.486561647064068126e-03
-1.676882456025508006e-02
9.985131046273036937e-01
9.781323961226003894e-01
-9.058116185269138310e-03
1.634265870419815414e-03
9.902419419780797982e-01
9.783183518012613655e-01
1.060773821699285691e+00
-1.671403524953263275e-02
2.593463639084192529e-02
2.774215077661001949e-02
9.581440237713136909e-01
1.737498075523069563e-02
9.713023138008561874e-01
9.775268734246015390e-01
-1.722928349722274710e-02
9.724914816184495603e-01
9.511105775077275393e-01
1.561344232301453694e-02
2.098899725715319686e-02
9.637809351685936443e-01
2.130747962309947896e-02
9.893651116995201278e-01
2.974784836695743007e-02
9.921661124855880587e-01
1.017620165229069951e+00
9.666886090391193509e-01
1.000090254123808808e-02
9.642293368819279120e-01
2.634997898796176408e-03
9.843139028078649044e-01
1.009339784196806811e+00
-5.887923402353556490e-03
1.631148758844991331e-02
1.009647702330009000e+00
9.617689826140153331e-01
4.218292676765655891e-03
2.335783174137889828e-02
9.753269770811928696e-01
-6.413339809833773497e-03
9.747412834921965752e-01
9.784372740101497934e-01
1.601858956623203323e-02
1.783095469652029585e-02
9.914427813925501543e-01
9.928212870436696758e-01
9.556694955356215271e-01
1.851902732915206018e-02
-1.079069449292019423e-02
-9.062711845289284085e-03
5.710022759660549063e-02
-4.604304958279681337e-03
1.386378209370420223e-02
9.946553689743441451e-01
3.792290082901161874e-03
9.782564921304252037e-01
9.858801906641438961e-01
5.322702985633420703e-03
9.803364040033889504e-01
-2.817675456505353004e-03
1.002805025964199626e+00
1.001497510833566640e+00
-2.718555536569228215e-02
7.396525829782452099e-03
1.000529110955391765e+00
8.621105218696079042e-03
1.009476548500722881e+00
2.427649243409546465e-02
2.748742192378528237e-03
5.636471438514367716e-03
3.519792446066216662e-02
9.666780394222918016e-01
5.026838740765782187e-02
9.989334226286431528e-01
9.902823325049562309e-01
1.419709576485655989e-02
2.586244216553845732e-03
1.393105976450942363e-02
9.180638004334518154e-01
7.676734722385503140e-03
1.572262064110874213e-03
2.360868304591362543e-02
1.821213090255824341e-02
9.868099971098174272e-01
1.585170553149650718e-02
9.882688097106969716e-01
9.870602519324623847e-01
1.004383166322348142e+00
2.338078182288927387e-02
9.765461946043560992e-01
6.793739403052334591e-02
1.656285522521416809e-02
1.001703971174409347e+00
3.179030036372010315e-02
9.877400968664871161e-01
9.890386586202132291e-01
2.600647471302097724e-02
3.971840777924173782e-02
3.116734438412582797e-02
1.209302156953417917e-02
2.194485663504780470e-02
3.400333151765921880e-02
9.981270481105176673e-01
-9.218525467128646511e-03
9.797285530144439480e-01
3.365770942808582467e-02
-3.014143941178049069e-03
2.001326215622167837e-02
9.893308704701325729e-01
9.770358796644393884e-01
1.007929982623844367e+00
3.882486353721503747e-02
2.722385510756564209e-02
1.018353496355959953e+00
9.820880422720300595e-01
9.893270742437345611e-01
2.846945663789401948e-03
1.005289083192103305e+00
9.700967377296629834e-01
2.816682733704722885e-03
9.731896413644377519e-01
9.935083747555278899e-01
-2.794141702313179820e-03
4.965969762093180861e-02
9.464909589639163290e-01
2.741494266545363434e-02
2.618087501750332446e-02
9.863511678830673146e-01
4.223434966832217974e-02
3.850015459878908253e-02
9.813756339393820971e-01
1.003105176539868637e+00
3.132692191900421363e-02
2.035161998344292567e-02
1.218506592737644834e-02
9.796227860445106961e-01
9.661346556444030398e-01
1.226433497783374627e-02
1.007460614357595485e+00
9.529343352547139379e-01
1.914113767138314603e-02
1.160356486037583679e-02
-1.989995438226865865e-02
2.551803813912500996e-02
3.229472130652599748e-02
1.023000536029305074e+00
9.864873108623690712e-01
9.861830952054677635e-01
1.013869299151131775e+00
-4.523947407043205082e-03
-3.901743827122161612e-04
9.563572741378247866e-01
1.009749837112411175e+00
9.551530115600875837e-01
-1.676647181491341954e-02
9.790657951998072983e-01
1.881422696209528178e-02
-1.042605236535520952e-02
9.842403375154405998e-01
9.784140437450234984e-01
9.670312188051377600e-01
1.819071576416997349e-02
1.007773793581300925e+00
9.943598946633034341e-01
4.030957852420247178e-03
9.807446634099360461e-01
1.011967498096913776e+00
8.486111408532837075e-03
1.004959355059416914e+00
9.769217709617016299e-01
2.211009924122853132e-02
9.684245095749880461e-01
9.657798257096077421e-01
9.603230281465265916e-01
9.837346842116637680e-01
9.892651440032527166e-01
4.263461641911159283e-03
-1.506345041608625479e-03
1.022929384881348991e+00
1.001822420921606671e+00
9.746365505499393622e-01
9.870183850397284964e-04
9.779208700471863080e-01
9.406514847912479382e-01
5.083949874607529562e-03
1.448729647857094349e-02
9.926970297303939761e-01
3.239463976320022809e-04
9.717111988917027654e-01
9.766615578611993476e-01
1.179112838623475046e-02
9.475705780345844431e-03
9.697311753115612776e-01
1.125809941089717103e-02
9.959142818206584424e-01
1.009538564134227157e+00
1.340716182208434581e-03
9.851875137511235669e-01
9.671041979685550682e-01
2.045872959695860249e-02
1.008279622630659400e+00
9.719366163510929635e-01
9.925755753708177531e-01
9.570162767045384822e-01
9.965099549731207818e-01
1.275067870600460340e-02
3.242071179055250330e-02
9.852531271880821118e-01
1.012188639015748626e-02
9.974174427491747652e-01
9.731233639577173689e-01
9.937131724497831886e-01
8.437734063430846199e-03
-3.541713066121499054e-03
9.752463586827687658e-01
9.970496135715949393e-01
-3.496467559035654205e-03
4.549121655670007591e-03
6.159237367393766149e-03
6.067764930982477711e-02
2.225847828055682598e-03
-1.434071230664618612e-02
-7.139011155774532824e-03
9.799272787376865912e-01
9.589495446310158933e-01
9.689550750972637516e-01
1.356732978211228069e-02
1.667824604436773939e-02
5.033315864525989003e-03
3.746124121299221343e-02
1.006108299546768947e+00
9.941614066939022942e-01
9.635580015306215440e-01
1.478113364414057607e-03
9.863611690717558611e-01
2.543555682933817952e-02
-2.102800139860599993e-02
9.882880258921540317e-01
1.035495044877880577e+00
9.762278330082959643e-01
3.816140765188696937e-02
9.781848497507834583e-01
1.001573719870973989e+00
1.329817124877707979e-02
-5.739163021894033712e-03
1.003940951228961431e+00
3.090044023064264511e-02
9.832716642447831834e-01
2.280764826375669685e-02
2.338492508882716869e-02
9.687540925777928802e-01
5.202036582231173156e-03
9.535970915545264326e-01
1.607908591496842732e-02
4.108327816824453027e-02
1.878684157136245592e-02
-6.764090517019372140e-03
9.913569217005258061e-03
9.976105478470423948e-01
1.015718471059434025e+00
2.370944863094692767e-03
9.831106926599217921e-01
9.815070609531474366e-01
2.684603359925097354e-03
-1.049925451256769060e-01
1.288648305861407550e+00
1.750050841430107695e+00
1.381201145811841613e+00
1.097703343144470489e+00
8.419625059674995526e-01
5.011292871593059362e-01
2.549615234692236276e-01
5.495647111645411975e-01
5.283682009639416588e-01
1.089361287812385504e+00
4.646255757416323240e-02
6.927252826165269939e-01
5.216015150544750512e-01
5.813729402251286427e-01
1.867852689399783217e-01
4.825615699979854956e-01
1.405031534400100091e+00
-3.208758266544153859e-03
4.666691827032616313e-01
-1.664556003496456826e-01
4.610537053410127539e-01
-4.648310538927856728e-01
2.929586750058879030e-01
5.592911840021608239e-01
-1.999862378767595095e-01
1.387309818457898469e+00
6.139852142891938369e-01
1.288203216044633836e-01
1.529169306592399469e+00
8.061721276000249903e-02
-6.287348773788005163e-01
-8.233254851114745199e-01
6.841579967509056059e-01
3.723094544307173903e-01
-4.708456732860218930e-01
9.204945499367813699e-01
1.179079689741893588e+00
7.759573554714740418e-01
6.530973912544258964e-01
-2.354276147196691094e-01
2.798468871425857096e-01
4.398468627802261111e-01
9.407896200978846935e-01
7.775043771303893347e-01
5.416408860530483871e-01
1.114039614305785575e+00
1.546803772463860582e-01
4.832450075247136656e-01
1.055811974254270869e+00
7.327342649762647042e-02
6.832079903081870187e-01
8.127984541536632523e-01
2.275596600200147090e-02
-5.284935534051060646e-02
3.216542851847399853e-01
9.254421012876872243e-01
3.924224838951719807e-01
-1.812177077584870233e+00
9.576883015921933140e-01
1.087122558010836126e+00
1.919741012128587943e-01
1.057697236671297780e-01
-1.928964521888754113e-02
1.537655622398542032e+00
-3.194701063279661302e-01
1.336973168977230619e+00
1.088786591672165294e+00
1.373873102338695196e+00
1.368314965062169541e+00
1.523535197981221501e+00
7.564796430643123681e-01
-1.920882354263268033e-01
-1.827194685181836586e-01
-2.385191666186614601e-03
-1.068381503866707938e+00
-2.209435577715325172e-01
6.986945253132869071e-01
1.152058663096516611e+00
-3.870540953394454586e-01
-1.666721991274391357e-01
2.790077389267854313e-01
1.110273183437982869e+00
4.958130697273092080e-01
1.027843872896911481e+00
8.733662794516899863e-01
-5.472470352800721249e-01
7.857979443087464988e-01
8.275133173136797193e-01
-5.386473964980850182e-01
1.125749628026863292e+00
-2.243742931306217381e-01
3.488101931781343312e-01
-1.514903449297289040e-01
1.819445686213387869e+00
3.195331231243442316e-01
6.888791990785042563e-01
8.541192714195344760e-02
-6.317738605894059889e-01
2.417403687396567635e-01
9.334071235223913021e-01
1.118027212798487491e-01
1.090031211486071738e+00
1.191322654235134282e+00
2.862642054645851974e-01
6.395284651016789335e-01
1.319093441918567366e-01
-1.119474558019106780e-01
7.300520804119448037e-01
9.960609774781238324e-01
-2.492284457141105136e-01
3.343907166648947271e-01
1.176417605802492661e+00
1.053728356375385200e+00
-5.101384030300082362e-02
9.486540571974885205e-01
1.614691543468643964e+00
1.020955946960176997e+00
-8.776460661360052651e-02
3.246581445073540850e-01
3.326853594758546473e-01
5.731091310918107196e-02
9.834646151411076120e-01
4.843063170827055508e-01
7.158564806841393180e-01
1.689382935818329878e-01
1.846271738964648801e+00
-2.570432643249055404e-01
9.552536271916751698e-01
-1.598203229402843650e-01
7.727798527777680615e-01
4.967767104945394752e-01
2.645735657101810911e-01
9.609240791495425871e-01
3.339111216276232641e-01
5.249764250978740110e-01
7.758241700078725156e-01
5.868383966310530830e-01
1.667980293698823058e-02
8.071711468260448497e-01
1.317278146664956129e+00
-3.857331717477342492e-01
1.832749125118267486e+00
4.479092674699600707e-01
1.079121892624696377e+00
3.623430307072853518e-01
1.016891798326656771e-01
9.391077170399353413e-01
1.545339503168845496e+00
-1.292811444243574526e-02
6.175634376980231321e-01
4.069192025632763499e-01
7.357283407467062331e-01
7.524034568591451144e-01
9.766723897240445762e-01
2.662438359309238223e-01
-7.753254630484164300e-01
1.453768605189178498e-01
2.143361314507963744e+00
1.170535029136798855e+00
3.304525807877516375e-01
5.404618290097618072e-02
1.110945317840136726e+00
1.784674843741919092e-01
-2.269259759072150828e-01
2.679781067499905634e-01
7.639746297909456585e-01
7.174248325044372265e-01
4.460967980296922653e-01
4.890526444007278206e-01
9.617833259228496523e-01
1.218173886791297011e+00
8.857347370866541780e-01
4.809322891814101775e-01
9.584911942250702310e-01
9.183695195175557435e-01
5.729189736466389071e-01
1.169018002313756965e-01
-9.434678321711575943e-02
1.697367668360621362e+00
1.477337724429721000e+00
9.762763439267986287e-01
9.305920400190313968e-01
2.538851059325766824e-01
8.526855473134048458e-01
5.821425110413946946e-03
2.811588126929933651e-01
7.711021029606055510e-01
4.136617920713288599e-01
4.105383756205898127e-01
1.575838778832976406e+00
-4.108787504555694303e-01
3.679302506409910523e-01
-8.559267111161850128e-02
6.126564291857583555e-01
6.040704776324802294e-01
-1.119419757180997177e+00
4.979264994528380672e-01
4.566006789259237086e-01
5.270837548619866642e-02
